service_id,monday,tuesday,wednesday,thursday,friday,saturday,sunday,start_date,end_date
1,0,0,0,0,0,0,0,20260828,20261211
2,0,0,0,0,0,0,0,20261003,20261212
3,0,0,0,0,0,0,0,20260830,20261206
4,0,0,0,0,0,0,0,20260829,20260829
5,0,0,0,0,0,0,0,20260831,20260925
6,0,0,0,0,0,0,0,20260905,20260926
7,0,0,0,0,0,0,0,20260913,20260927
8,0,0,0,0,0,0,0,20260906,20260906
9,0,0,0,0,0,0,0,20260905,20260905
10,0,0,0,0,0,0,0,20260830,20261206
11,0,0,0,0,0,0,0,20260828,20261211
12,0,0,0,0,0,0,0,20260912,20261212
13,0,0,0,0,0,0,0,20260830,20261206
14,0,0,0,0,0,0,0,20260905,20261212
15,0,0,0,0,0,0,0,20260828,20260828
16,0,0,0,0,0,0,0,20260830,20260830
17,0,0,0,0,0,0,0,20260831,20261211
18,0,0,0,0,0,0,0,20260913,20261206
19,0,0,0,0,0,0,0,20260829,20261212
20,0,0,0,0,0,0,0,20260828,20260925
21,0,0,0,0,0,0,0,20260829,20261003
22,0,0,0,0,0,0,0,20260830,20261004
23,0,0,0,0,0,0,0,20260928,20261211
24,0,0,0,0,0,0,0,20261010,20261212
25,0,0,0,0,0,0,0,20261011,20261206
26,0,0,0,0,0,0,0,20260830,20260913
27,0,0,0,0,0,0,0,20260831,20260910
28,0,0,0,0,0,0,0,20260914,20261211
29,0,0,0,0,0,0,0,20260919,20261212
30,0,0,0,0,0,0,0,20260919,20261212
31,0,0,0,0,0,0,0,20260829,20260912
32,0,0,0,0,0,0,0,20260831,20261212
33,0,0,0,0,0,0,0,20260828,20260911
34,0,0,0,0,0,0,0,20260920,20261206
35,0,0,0,0,0,0,0,20260831,20261211
36,0,0,0,0,0,0,0,20260829,20260912
37,0,0,0,0,0,0,0,20260914,20261211
38,0,0,0,0,0,0,0,20260829,20260913
39,0,0,0,0,0,0,0,20261005,20261008
40,0,0,0,0,0,0,0,20260831,20261206
41,0,0,0,0,0,0,0,20260919,20261212
42,0,0,0,0,0,0,0,20260829,20260913
43,0,0,0,0,0,0,0,20261004,20261004
44,0,0,0,0,0,0,0,20260831,20261212
45,0,0,0,0,0,0,0,20260828,20260911
46,0,0,0,0,0,0,0,20260920,20261206
47,0,0,0,0,0,0,0,20260914,20261212
48,0,0,0,0,0,0,0,20260829,20260912
49,0,0,0,0,0,0,0,20260831,20260903
50,0,0,0,0,0,0,0,20260831,20261210
51,0,0,0,0,0,0,0,20260907,20261210
52,0,0,0,0,0,0,0,20260828,20261211
53,0,0,0,0,0,0,0,20260830,20261206
54,0,0,0,0,0,0,0,20260828,20260904
55,0,0,0,0,0,0,0,20260911,20261211
56,0,0,0,0,0,0,0,20260828,20261212
57,0,0,0,0,0,0,0,20260828,20261212
58,0,0,0,0,0,0,0,20260829,20261212
59,0,0,0,0,0,0,0,20260829,20261212
60,0,0,0,0,0,0,0,20260830,20261206
61,0,0,0,0,0,0,0,20260828,20261211
62,0,0,0,0,0,0,0,20260828,20261212
63,0,0,0,0,0,0,0,20260829,20261212
64,0,0,0,0,0,0,0,20260829,20261212
65,0,0,0,0,0,0,0,20260828,20261211
66,0,0,0,0,0,0,0,20260828,20261211
67,0,0,0,0,0,0,0,20260828,20261212
68,0,0,0,0,0,0,0,20260829,20261212
69,0,0,0,0,0,0,0,20260927,20260927
70,0,0,0,0,0,0,0,20260928,20261001
71,0,0,0,0,0,0,0,20261024,20261212
72,0,0,0,0,0,0,0,20261023,20261211
73,0,0,0,0,0,0,0,20261024,20261031
74,0,0,0,0,0,0,0,20261019,20261211
75,0,0,0,0,0,0,0,20261101,20261212
76,0,0,0,0,0,0,0,20261024,20261212
77,0,0,0,0,0,0,0,20260829,20261018
78,0,0,0,0,0,0,0,20260828,20261016
79,0,0,0,0,0,0,0,20260829,20261017
80,0,0,0,0,0,0,0,20260828,20261016
81,0,0,0,0,0,0,0,20261025,20261206
82,0,0,0,0,0,0,0,20260830,20261018
83,0,0,0,0,0,0,0,20260829,20261031
84,0,0,0,0,0,0,0,20261019,20261210
85,0,0,0,0,0,0,0,20260831,20261015
86,0,0,0,0,0,0,0,20260828,20261030
87,0,0,0,0,0,0,0,20261102,20261211
88,0,0,0,0,0,0,0,20260828,20261211
89,0,0,0,0,0,0,0,20260828,20261212
90,0,0,0,0,0,0,0,20260828,20261212
91,0,0,0,0,0,0,0,20260828,20261212
92,0,0,0,0,0,0,0,20260829,20261212
93,0,0,0,0,0,0,0,20260830,20261210
94,0,0,0,0,0,0,0,20260831,20261210
95,0,0,0,0,0,0,0,20260913,20260913
96,0,0,0,0,0,0,0,20260914,20260917
97,0,0,0,0,0,0,0,20261031,20261031
98,0,0,0,0,0,0,0,20260828,20261212
99,0,0,0,0,0,0,0,20260913,20260917
100,0,0,0,0,0,0,0,20260830,20261206
101,0,0,0,0,0,0,0,20260828,20261211
102,0,0,0,0,0,0,0,20260828,20261211
103,0,0,0,0,0,0,0,20260928,20261002
104,0,0,0,0,0,0,0,20260829,20261212
105,0,0,0,0,0,0,0,20260830,20261206
106,0,0,0,0,0,0,0,20260828,20261211
107,0,0,0,0,0,0,0,20260828,20261211
108,0,0,0,0,0,0,0,20260831,20261212
109,0,0,0,0,0,0,0,20260904,20261211
110,0,0,0,0,0,0,0,20260830,20261211
111,0,0,0,0,0,0,0,20260828,20261211
112,0,0,0,0,0,0,0,20260904,20261212
113,0,0,0,0,0,0,0,20260830,20261206
114,0,0,0,0,0,0,0,20260831,20260831
115,0,0,0,0,0,0,0,20261024,20261024
116,0,0,0,0,0,0,0,20260831,20261210
117,0,0,0,0,0,0,0,20260831,20261210
118,0,0,0,0,0,0,0,20260907,20261210
119,0,0,0,0,0,0,0,20260904,20261212
120,0,0,0,0,0,0,0,20260830,20261206
121,0,0,0,0,0,0,0,20260830,20261207
122,0,0,0,0,0,0,0,20260912,20261212
123,0,0,0,0,0,0,0,20260831,20261212
124,0,0,0,0,0,0,0,20260828,20261211
125,0,0,0,0,0,0,0,20260830,20261212
126,0,0,0,0,0,0,0,20261101,20261101
127,0,0,0,0,0,0,0,20261025,20261025
128,0,0,0,0,0,0,0,20260828,20261211
129,0,0,0,0,0,0,0,20260901,20261210
130,0,0,0,0,0,0,0,20261102,20261105
131,0,0,0,0,0,0,0,20260829,20260905
132,0,0,0,0,0,0,0,20261025,20261029
133,0,0,0,0,0,0,0,20261002,20261003
134,0,0,0,0,0,0,0,20261019,20261022
135,0,0,0,0,0,0,0,20261018,20261018
136,0,0,0,0,0,0,0,20260908,20261210
137,0,0,0,0,0,0,0,20261003,20261003
138,0,0,0,0,0,0,0,20260831,20261210
139,0,0,0,0,0,0,0,20260901,20261210
140,0,0,0,0,0,0,0,20261101,20261105
141,0,0,0,0,0,0,0,20261030,20261101
142,0,0,0,0,0,0,0,20261030,20261030
143,0,0,0,0,0,0,0,20261026,20261026
144,0,0,0,0,0,0,0,20260828,20260830
145,0,0,0,0,0,0,0,20260901,20261210
146,0,0,0,0,0,0,0,20261031,20261101
147,0,0,0,0,0,0,0,20260828,20261211
148,0,0,0,0,0,0,0,20261018,20261022
149,0,0,0,0,0,0,0,20260921,20260924
150,0,0,0,0,0,0,0,20260828,20260829
151,0,0,0,0,0,0,0,20260901,20260903
152,0,0,0,0,0,0,0,20260921,20260925
153,0,0,0,0,0,0,0,20261004,20261206
154,0,0,0,0,0,0,0,20260829,20261212
155,0,0,0,0,0,0,0,20260920,20260920
156,0,0,0,0,0,0,0,20261124,20261126
157,0,0,0,0,0,0,0,20261002,20261002
158,0,0,0,0,0,0,0,20260828,20261211
159,0,0,0,0,0,0,0,20260912,20260926
160,0,0,0,0,0,0,0,20260828,20261211
161,0,0,0,0,0,0,0,20261113,20261120
162,0,0,0,0,0,0,0,20261005,20261005
163,0,0,0,0,0,0,0,20261109,20261112
164,0,0,0,0,0,0,0,20261123,20261123
165,0,0,0,0,0,0,0,20260830,20261206
166,0,0,0,0,0,0,0,20260929,20261001
167,0,0,0,0,0,0,0,20260828,20261211
168,0,0,0,0,0,0,0,20260901,20261029
169,0,0,0,0,0,0,0,20261008,20261008
170,0,0,0,0,0,0,0,20261108,20261112
171,0,0,0,0,0,0,0,20261108,20261108
172,0,0,0,0,0,0,0,20260920,20260924
173,0,0,0,0,0,0,0,20260904,20260925
174,0,0,0,0,0,0,0,20261020,20261022
175,0,0,0,0,0,0,0,20261003,20261004
176,0,0,0,0,0,0,0,20260829,20261212
177,0,0,0,0,0,0,0,20261019,20261019
178,0,0,0,0,0,0,0,20260901,20261210
179,0,0,0,0,0,0,0,20261023,20261023
180,0,0,0,0,0,0,0,20260922,20260924
181,0,0,0,0,0,0,0,20260914,20260918
182,0,0,0,0,0,0,0,20260915,20260917
183,0,0,0,0,0,0,0,20261010,20261212
184,0,0,0,0,0,0,0,20260908,20261210
185,0,0,0,0,0,0,0,20260828,20261211
186,0,0,0,0,0,0,0,20260831,20261211
187,0,0,0,0,0,0,0,20260905,20261212
188,0,0,0,0,0,0,0,20260912,20261212
189,0,0,0,0,0,0,0,20260913,20261210
190,0,0,0,0,0,0,0,20260904,20261211
191,0,0,0,0,0,0,0,20260828,20261211
192,0,0,0,0,0,0,0,20260828,20261211
193,0,0,0,0,0,0,0,20260828,20261211
194,0,0,0,0,0,0,0,20260831,20261210
195,0,0,0,0,0,0,0,20260901,20261207
196,0,0,0,0,0,0,0,20260829,20261212
197,0,0,0,0,0,0,0,20260828,20261211
198,0,0,0,0,0,0,0,20261125,20261126
199,0,0,0,0,0,0,0,20260928,20261002
200,0,0,0,0,0,0,0,20261102,20261102
201,0,0,0,0,0,0,0,20261026,20261030
202,0,0,0,0,0,0,0,20260830,20260906
203,0,0,0,0,0,0,0,20260829,20261212
204,0,0,0,0,0,0,0,20260828,20261211
205,0,0,0,0,0,0,0,20260830,20261206
206,0,0,0,0,0,0,0,20260904,20261211
207,0,0,0,0,0,0,0,20260928,20260928
208,0,0,0,0,0,0,0,20260921,20260925
209,0,0,0,0,0,0,0,20260901,20260904
210,0,0,0,0,0,0,0,20260830,20261206
211,0,0,0,0,0,0,0,20261120,20261120
212,0,0,0,0,0,0,0,20260904,20261212
213,0,0,0,0,0,0,0,20260906,20260910
214,0,0,0,0,0,0,0,20260912,20261212
215,0,0,0,0,0,0,0,20260911,20261120
216,0,0,0,0,0,0,0,20260831,20260904
217,0,0,0,0,0,0,0,20260829,20261212
218,0,0,0,0,0,0,0,20261124,20261124
219,0,0,0,0,0,0,0,20261127,20261127
220,0,0,0,0,0,0,0,20261020,20261023
221,0,0,0,0,0,0,0,20260828,20261211
222,0,0,0,0,0,0,0,20260828,20261211
223,0,0,0,0,0,0,0,20260830,20261206
224,0,0,0,0,0,0,0,20260901,20261029
225,0,0,0,0,0,0,0,20260905,20261212
226,0,0,0,0,0,0,0,20260904,20261211
227,0,0,0,0,0,0,0,20260907,20261210
228,0,0,0,0,0,0,0,20260830,20261211
229,0,0,0,0,0,0,0,20260828,20261211
230,0,0,0,0,0,0,0,20260906,20261206
231,0,0,0,0,0,0,0,20260906,20261206
232,0,0,0,0,0,0,0,20260831,20261210
233,0,0,0,0,0,0,0,20260831,20261210
234,0,0,0,0,0,0,0,20260904,20261211
235,0,0,0,0,0,0,0,20260901,20261211
236,0,0,0,0,0,0,0,20260919,20261212
237,0,0,0,0,0,0,0,20260828,20261211
238,0,0,0,0,0,0,0,20260830,20261206
239,0,0,0,0,0,0,0,20260911,20261030
240,0,0,0,0,0,0,0,20260828,20261211
241,0,0,0,0,0,0,0,20260828,20261211
242,0,0,0,0,0,0,0,20260830,20261210
243,0,0,0,0,0,0,0,20260831,20261207
244,0,0,0,0,0,0,0,20261107,20261107
245,0,0,0,0,0,0,0,20260828,20261211
246,0,0,0,0,0,0,0,20260831,20261210
247,0,0,0,0,0,0,0,20261011,20261012
248,0,0,0,0,0,0,0,20260828,20261211
249,0,0,0,0,0,0,0,20261011,20261011
250,0,0,0,0,0,0,0,20260831,20261207
251,0,0,0,0,0,0,0,20261013,20261015
252,0,0,0,0,0,0,0,20260911,20260911
253,0,0,0,0,0,0,0,20261012,20261016
254,0,0,0,0,0,0,0,20260829,20261212
255,0,0,0,0,0,0,0,20260830,20261206
256,0,0,0,0,0,0,0,20260912,20260912
257,0,0,0,0,0,0,0,20260829,20261212
258,0,0,0,0,0,0,0,20260915,20260915
259,0,0,0,0,0,0,0,20260912,20261212
260,0,0,0,0,0,0,0,20261012,20261015
261,0,0,0,0,0,0,0,20260828,20261211
262,0,0,0,0,0,0,0,20260829,20261212
263,0,0,0,0,0,0,0,20260913,20260917
264,0,0,0,0,0,0,0,20260907,20261207
265,0,0,0,0,0,0,0,20260831,20261211
266,0,0,0,0,0,0,0,20260828,20261211
267,0,0,0,0,0,0,0,20260829,20261212
268,0,0,0,0,0,0,0,20260901,20261210
269,0,0,0,0,0,0,0,20260913,20261210
270,0,0,0,0,0,0,0,20260828,20261211
271,0,0,0,0,0,0,0,20260901,20261210
272,0,0,0,0,0,0,0,20260829,20261212
273,0,0,0,0,0,0,0,20260831,20261207
274,0,0,0,0,0,0,0,20260828,20261211
275,0,0,0,0,0,0,0,20260913,20261210
276,0,0,0,0,0,0,0,20260828,20261211
277,0,0,0,0,0,0,0,20260831,20261211
278,0,0,0,0,0,0,0,20261103,20261105
279,0,0,0,0,0,0,0,20260828,20261211
280,0,0,0,0,0,0,0,20261020,20261030
281,0,0,0,0,0,0,0,20260831,20261030
282,0,0,0,0,0,0,0,20260831,20261029
283,0,0,0,0,0,0,0,20260830,20261211
284,0,0,0,0,0,0,0,20261011,20261015
285,0,0,0,0,0,0,0,20261026,20261029
286,0,0,0,0,0,0,0,20261101,20261102
287,0,0,0,0,0,0,0,20261108,20261112
288,0,0,0,0,0,0,0,20260912,20261212
289,0,0,0,0,0,0,0,20261109,20261109
290,0,0,0,0,0,0,0,20260907,20261207
291,0,0,0,0,0,0,0,20260912,20261212
292,0,0,0,0,0,0,0,20260904,20261211
293,0,0,0,0,0,0,0,20261027,20261029
294,0,0,0,0,0,0,0,20260928,20261210
295,0,0,0,0,0,0,0,20260907,20260911
296,0,0,0,0,0,0,0,20260829,20261212
297,0,0,0,0,0,0,0,20260928,20261123
298,0,0,0,0,0,0,0,20260831,20260924
299,0,0,0,0,0,0,0,20260830,20261206
300,0,0,0,0,0,0,0,20260828,20261212
301,0,0,0,0,0,0,0,20260828,20261212
302,0,0,0,0,0,0,0,20260829,20261212
303,0,0,0,0,0,0,0,20260828,20261212
304,0,0,0,0,0,0,0,20260828,20261211
305,0,0,0,0,0,0,0,20260911,20260912
306,0,0,0,0,0,0,0,20260828,20261212
307,0,0,0,0,0,0,0,20260828,20261212
308,0,0,0,0,0,0,0,20260831,20261211
309,0,0,0,0,0,0,0,20260828,20261212
310,0,0,0,0,0,0,0,20260911,20261008
311,0,0,0,0,0,0,0,20260828,20261212
312,0,0,0,0,0,0,0,20260829,20261212
313,0,0,0,0,0,0,0,20260913,20260920
314,0,0,0,0,0,0,0,20260831,20261210
315,0,0,0,0,0,0,0,20260828,20261211
316,0,0,0,0,0,0,0,20260831,20261211
317,0,0,0,0,0,0,0,20260928,20261008
318,0,0,0,0,0,0,0,20260929,20261008
319,0,0,0,0,0,0,0,20260901,20261210
320,0,0,0,0,0,0,0,20260828,20261211
321,0,0,0,0,0,0,0,20260927,20261004
322,0,0,0,0,0,0,0,20260828,20261211
323,0,0,0,0,0,0,0,20260928,20261127
324,0,0,0,0,0,0,0,20260829,20261212
325,0,0,0,0,0,0,0,20260830,20261206
326,0,0,0,0,0,0,0,20260829,20261212
327,0,0,0,0,0,0,0,20260828,20261212
328,0,0,0,0,0,0,0,20260830,20261206
329,0,0,0,0,0,0,0,20260828,20261211
330,0,0,0,0,0,0,0,20260831,20261207
331,0,0,0,0,0,0,0,20260828,20261211
332,0,0,0,0,0,0,0,20261109,20261119
333,0,0,0,0,0,0,0,20260831,20261210
334,0,0,0,0,0,0,0,20260927,20261008
335,0,0,0,0,0,0,0,20260914,20260924
336,0,0,0,0,0,0,0,20260831,20261211
337,0,0,0,0,0,0,0,20260831,20261207
338,0,0,0,0,0,0,0,20260831,20261211
339,0,0,0,0,0,0,0,20260929,20260929
340,0,0,0,0,0,0,0,20260831,20261211
341,0,0,0,0,0,0,0,20261030,20261031
342,0,0,0,0,0,0,0,20260921,20260921
343,0,0,0,0,0,0,0,20261030,20261101
344,0,0,0,0,0,0,0,20260915,20260924
345,0,0,0,0,0,0,0,20261002,20261008
346,0,0,0,0,0,0,0,20260831,20261211
347,0,0,0,0,0,0,0,20260831,20261211
348,0,0,0,0,0,0,0,20261019,20261020
349,0,0,0,0,0,0,0,20260828,20261120
350,0,0,0,0,0,0,0,20260904,20261211
351,0,0,0,0,0,0,0,20260828,20261211
352,0,0,0,0,0,0,0,20260922,20260925
353,0,0,0,0,0,0,0,20260926,20260926
354,0,0,0,0,0,0,0,20260915,20261119
355,0,0,0,0,0,0,0,20260831,20261211
356,0,0,0,0,0,0,0,20261012,20261012
357,0,0,0,0,0,0,0,20260904,20261211
358,0,0,0,0,0,0,0,20260828,20261030
359,0,0,0,0,0,0,0,20260915,20261119
360,0,0,0,0,0,0,0,20260831,20261211
361,0,0,0,0,0,0,0,20260915,20261112
362,0,0,0,0,0,0,0,20261021,20261022
363,0,0,0,0,0,0,0,20260828,20261212
364,0,0,0,0,0,0,0,20260914,20260924
365,0,0,0,0,0,0,0,20260831,20261211
366,0,0,0,0,0,0,0,20260828,20261212
367,0,0,0,0,0,0,0,20260830,20261206
368,0,0,0,0,0,0,0,20260901,20261210
369,0,0,0,0,0,0,0,20260828,20261212
370,0,0,0,0,0,0,0,20260828,20261211
371,0,0,0,0,0,0,0,20260828,20261212
372,0,0,0,0,0,0,0,20260828,20261212
373,0,0,0,0,0,0,0,20260831,20261207
374,0,0,0,0,0,0,0,20260831,20261207
375,0,0,0,0,0,0,0,20260930,20261002
376,0,0,0,0,0,0,0,20260830,20261206
377,0,0,0,0,0,0,0,20260828,20261211
378,0,0,0,0,0,0,0,20260828,20261211
379,0,0,0,0,0,0,0,20260828,20261212
380,0,0,0,0,0,0,0,20260829,20261212
381,0,0,0,0,0,0,0,20260901,20261210
382,0,0,0,0,0,0,0,20260831,20261210
383,0,0,0,0,0,0,0,20260828,20261212
384,0,0,0,0,0,0,0,20260828,20261212
385,0,0,0,0,0,0,0,20260831,20261211
386,0,0,0,0,0,0,0,20260828,20261211
387,0,0,0,0,0,0,0,20260901,20261210
388,0,0,0,0,0,0,0,20260907,20260918
389,0,0,0,0,0,0,0,20260831,20261210
390,0,0,0,0,0,0,0,20260928,20261009
391,0,0,0,0,0,0,0,20260928,20261009
392,0,0,0,0,0,0,0,20260929,20261102
393,0,0,0,0,0,0,0,20260831,20261207
394,0,0,0,0,0,0,0,20260831,20261207
395,0,0,0,0,0,0,0,20261118,20261118
396,0,0,0,0,0,0,0,20260831,20260925
397,0,0,0,0,0,0,0,20261011,20261029
398,0,0,0,0,0,0,0,20260831,20261207
399,0,0,0,0,0,0,0,20260922,20261007
400,0,0,0,0,0,0,0,20261012,20261029
401,0,0,0,0,0,0,0,20260828,20261211
402,0,0,0,0,0,0,0,20261006,20261008
403,0,0,0,0,0,0,0,20260914,20260921
404,0,0,0,0,0,0,0,20260831,20261211
405,0,0,0,0,0,0,0,20260928,20261211
406,0,0,0,0,0,0,0,20260922,20260922
407,0,0,0,0,0,0,0,20261007,20261007
408,0,0,0,0,0,0,0,20261011,20261025
409,0,0,0,0,0,0,0,20260906,20261210
410,0,0,0,0,0,0,0,20260905,20261212
411,0,0,0,0,0,0,0,20260828,20261211
412,0,0,0,0,0,0,0,20260829,20261212
413,0,0,0,0,0,0,0,20260829,20261212
414,0,0,0,0,0,0,0,20260906,20261129
415,0,0,0,0,0,0,0,20260828,20261211
416,0,0,0,0,0,0,0,20260828,20261212
417,0,0,0,0,0,0,0,20260828,20261211
418,0,0,0,0,0,0,0,20260828,20261212
419,0,0,0,0,0,0,0,20260828,20261211
420,0,0,0,0,0,0,0,20260828,20261211
421,0,0,0,0,0,0,0,20260829,20261212
422,0,0,0,0,0,0,0,20260829,20261212
423,0,0,0,0,0,0,0,20260829,20261212
424,0,0,0,0,0,0,0,20260901,20261023
425,0,0,0,0,0,0,0,20261010,20261010
426,0,0,0,0,0,0,0,20260829,20261212
427,0,0,0,0,0,0,0,20260828,20261211
428,0,0,0,0,0,0,0,20260906,20261206
429,0,0,0,0,0,0,0,20260907,20261210
430,0,0,0,0,0,0,0,20260829,20261212
431,0,0,0,0,0,0,0,20260829,20261212
432,0,0,0,0,0,0,0,20260828,20261023
433,0,0,0,0,0,0,0,20261027,20261030
434,0,0,0,0,0,0,0,20260905,20260927
435,0,0,0,0,0,0,0,20260904,20261211
436,0,0,0,0,0,0,0,20260829,20261212
437,0,0,0,0,0,0,0,20260830,20261212
438,0,0,0,0,0,0,0,20260905,20261212
439,0,0,0,0,0,0,0,20260905,20260927
440,0,0,0,0,0,0,0,20260830,20261212
441,0,0,0,0,0,0,0,20260830,20261212
442,0,0,0,0,0,0,0,20260919,20261004
443,0,0,0,0,0,0,0,20260912,20261212
444,0,0,0,0,0,0,0,20260830,20261212
445,0,0,0,0,0,0,0,20260830,20261212
446,0,0,0,0,0,0,0,20260905,20261212
447,0,0,0,0,0,0,0,20260919,20260920
448,0,0,0,0,0,0,0,20260919,20260919
449,0,0,0,0,0,0,0,20260829,20261212
450,0,0,0,0,0,0,0,20260912,20261212
451,0,0,0,0,0,0,0,20260829,20261212
452,0,0,0,0,0,0,0,20260830,20261212
453,0,0,0,0,0,0,0,20260829,20260919
454,0,0,0,0,0,0,0,20260903,20260925
455,0,0,0,0,0,0,0,20260829,20260920
456,0,0,0,0,0,0,0,20260830,20260920
457,0,0,0,0,0,0,0,20260828,20261211
458,0,0,0,0,0,0,0,20260906,20260927
459,0,0,0,0,0,0,0,20260828,20261211
460,0,0,0,0,0,0,0,20261029,20261029
461,0,0,0,0,0,0,0,20261026,20261030
462,0,0,0,0,0,0,0,20260828,20261211
463,0,0,0,0,0,0,0,20261026,20261211
464,0,0,0,0,0,0,0,20260828,20261023
465,0,0,0,0,0,0,0,20261031,20261212
466,0,0,0,0,0,0,0,20261031,20261212
467,0,0,0,0,0,0,0,20261030,20261211
468,0,0,0,0,0,0,0,20260829,20261025
469,0,0,0,0,0,0,0,20260829,20261024
470,0,0,0,0,0,0,0,20260828,20261023
471,0,0,0,0,0,0,0,20261106,20261211
472,0,0,0,0,0,0,0,20261107,20261212
473,0,0,0,0,0,0,0,20261031,20261206
474,0,0,0,0,0,0,0,20261101,20261206
475,0,0,0,0,0,0,0,20260830,20261025
476,0,0,0,0,0,0,0,20261026,20261211
477,0,0,0,0,0,0,0,20260828,20261211
478,0,0,0,0,0,0,0,20260828,20261211
479,0,0,0,0,0,0,0,20260829,20261212
480,0,0,0,0,0,0,0,20260829,20261212
481,0,0,0,0,0,0,0,20261026,20261028
482,0,0,0,0,0,0,0,20260831,20261023
483,0,0,0,0,0,0,0,20260905,20261024
484,0,0,0,0,0,0,0,20260905,20261025
485,0,0,0,0,0,0,0,20260904,20261023
486,0,0,0,0,0,0,0,20260828,20261029
487,0,0,0,0,0,0,0,20261030,20261211
488,0,0,0,0,0,0,0,20261029,20261030
489,0,0,0,0,0,0,0,20260828,20261211
490,0,0,0,0,0,0,0,20260828,20261211
491,0,0,0,0,0,0,0,20260830,20261210
492,0,0,0,0,0,0,0,20260830,20261025
493,0,0,0,0,0,0,0,20261026,20261210
494,0,0,0,0,0,0,0,20260830,20261210
495,0,0,0,0,0,0,0,20260912,20261212
496,0,0,0,0,0,0,0,20260830,20261206
497,0,0,0,0,0,0,0,20260829,20261212
498,0,0,0,0,0,0,0,20260905,20260927
499,0,0,0,0,0,0,0,20260829,20261212
500,0,0,0,0,0,0,0,20260829,20261212
501,0,0,0,0,0,0,0,20260829,20261212
502,0,0,0,0,0,0,0,20260926,20260927
503,0,0,0,0,0,0,0,20260829,20261212
504,0,0,0,0,0,0,0,20260829,20261212
505,0,0,0,0,0,0,0,20260829,20260926
506,0,0,0,0,0,0,0,20260829,20261206
507,0,0,0,0,0,0,0,20260905,20261212
508,0,0,0,0,0,0,0,20260829,20261206
509,0,0,0,0,0,0,0,20260830,20261206
510,0,0,0,0,0,0,0,20260829,20260927
511,0,0,0,0,0,0,0,20260830,20260927
512,0,0,0,0,0,0,0,20260829,20261212
513,0,0,0,0,0,0,0,20260829,20260927
514,0,0,0,0,0,0,0,20260830,20261212
515,0,0,0,0,0,0,0,20260829,20261212
516,0,0,0,0,0,0,0,20260906,20261206
517,0,0,0,0,0,0,0,20260905,20261212
518,0,0,0,0,0,0,0,20260829,20261212
519,0,0,0,0,0,0,0,20260906,20261206
520,0,0,0,0,0,0,0,20260829,20261212
521,0,0,0,0,0,0,0,20260829,20261212
522,0,0,0,0,0,0,0,20260830,20261206
523,0,0,0,0,0,0,0,20260828,20261212
524,0,0,0,0,0,0,0,20260829,20261212
525,0,0,0,0,0,0,0,20260830,20261212
526,0,0,0,0,0,0,0,20261107,20261212
527,0,0,0,0,0,0,0,20260829,20261101
528,0,0,0,0,0,0,0,20260830,20261101
529,0,0,0,0,0,0,0,20261108,20261206
530,0,0,0,0,0,0,0,20260828,20261030
531,0,0,0,0,0,0,0,20260831,20261211
532,0,0,0,0,0,0,0,20260829,20261212
533,0,0,0,0,0,0,0,20260829,20261206
534,0,0,0,0,0,0,0,20260829,20261212
535,0,0,0,0,0,0,0,20261106,20261212
536,0,0,0,0,0,0,0,20261102,20261210
537,0,0,0,0,0,0,0,20260828,20261030
538,0,0,0,0,0,0,0,20260830,20261101
539,0,0,0,0,0,0,0,20260828,20261211
540,0,0,0,0,0,0,0,20260828,20261212
541,0,0,0,0,0,0,0,20260828,20261211
542,0,0,0,0,0,0,0,20260829,20261212
543,0,0,0,0,0,0,0,20260828,20261211
544,0,0,0,0,0,0,0,20260905,20261212
545,0,0,0,0,0,0,0,20260904,20261211
546,0,0,0,0,0,0,0,20260829,20260830
547,0,0,0,0,0,0,0,20260828,20260903
548,0,0,0,0,0,0,0,20260829,20261212
549,0,0,0,0,0,0,0,20260906,20261206
550,0,0,0,0,0,0,0,20261024,20261212
551,0,0,0,0,0,0,0,20260829,20261025
552,0,0,0,0,0,0,0,20261101,20261212
553,0,0,0,0,0,0,0,20260828,20261031
554,0,0,0,0,0,0,0,20260829,20261212
555,0,0,0,0,0,0,0,20260829,20261212
556,0,0,0,0,0,0,0,20261024,20261031
557,0,0,0,0,0,0,0,20260830,20261206
558,0,0,0,0,0,0,0,20260828,20261212
559,0,0,0,0,0,0,0,20261024,20261212
560,0,0,0,0,0,0,0,20260828,20261023
561,0,0,0,0,0,0,0,20261026,20261031
562,0,0,0,0,0,0,0,20260828,20261212
563,0,0,0,0,0,0,0,20260828,20261210
564,0,0,0,0,0,0,0,20260904,20261211
565,0,0,0,0,0,0,0,20261005,20261211
566,0,0,0,0,0,0,0,20261010,20261212
567,0,0,0,0,0,0,0,20261011,20261206
568,0,0,0,0,0,0,0,20260828,20261002
569,0,0,0,0,0,0,0,20260829,20261004
570,0,0,0,0,0,0,0,20260830,20261004
571,0,0,0,0,0,0,0,20260828,20261211
572,0,0,0,0,0,0,0,20260828,20261211
573,0,0,0,0,0,0,0,20260901,20261210
574,0,0,0,0,0,0,0,20260828,20261211
575,0,0,0,0,0,0,0,20261102,20261210
576,0,0,0,0,0,0,0,20260828,20261212
577,0,0,0,0,0,0,0,20260904,20261211
578,0,0,0,0,0,0,0,20260828,20261211
579,0,0,0,0,0,0,0,20261102,20261210
580,0,0,0,0,0,0,0,20260828,20261211
581,0,0,0,0,0,0,0,20260828,20260830
582,0,0,0,0,0,0,0,20260831,20261212
583,0,0,0,0,0,0,0,20260831,20261211
584,0,0,0,0,0,0,0,20261026,20261031
585,0,0,0,0,0,0,0,20260829,20261212
586,0,0,0,0,0,0,0,20260828,20261212
587,0,0,0,0,0,0,0,20260904,20261212
588,0,0,0,0,0,0,0,20260902,20261211
589,0,0,0,0,0,0,0,20260906,20261206
590,0,0,0,0,0,0,0,20260828,20260901
591,0,0,0,0,0,0,0,20260828,20261211
592,0,0,0,0,0,0,0,20260831,20261207
593,0,0,0,0,0,0,0,20260902,20261211
594,0,0,0,0,0,0,0,20260828,20261211
595,0,0,0,0,0,0,0,20261030,20261212
596,0,0,0,0,0,0,0,20260828,20261024
597,0,0,0,0,0,0,0,20260914,20261030
598,0,0,0,0,0,0,0,20260831,20261209
599,0,0,0,0,0,0,0,20260918,20261212
600,0,0,0,0,0,0,0,20260914,20261210
601,0,0,0,0,0,0,0,20260828,20260912
602,0,0,0,0,0,0,0,20260830,20260913
603,0,0,0,0,0,0,0,20261101,20261210
604,0,0,0,0,0,0,0,20261031,20261212
605,0,0,0,0,0,0,0,20260918,20261030
606,0,0,0,0,0,0,0,20260914,20261029
607,0,0,0,0,0,0,0,20261004,20261008
608,0,0,0,0,0,0,0,20260906,20260917
609,0,0,0,0,0,0,0,20260829,20260926
610,0,0,0,0,0,0,0,20260830,20260903
611,0,0,0,0,0,0,0,20260830,20260927
612,0,0,0,0,0,0,0,20260904,20260904
613,0,0,0,0,0,0,0,20260911,20260913
614,0,0,0,0,0,0,0,20260927,20261008
615,0,0,0,0,0,0,0,20260927,20261008
616,0,0,0,0,0,0,0,20260912,20260913
617,0,0,0,0,0,0,0,20260928,20261009
618,0,0,0,0,0,0,0,20260911,20260924
619,0,0,0,0,0,0,0,20260928,20261009
620,0,0,0,0,0,0,0,20261002,20261004
621,0,0,0,0,0,0,0,20260830,20260906
622,0,0,0,0,0,0,0,20260829,20261206
623,0,0,0,0,0,0,0,20260828,20261211
624,0,0,0,0,0,0,0,20260918,20261211
625,0,0,0,0,0,0,0,20260903,20261210
626,0,0,0,0,0,0,0,20260901,20261208
627,0,0,0,0,0,0,0,20260901,20261210
628,0,0,0,0,0,0,0,20260917,20261210
629,0,0,0,0,0,0,0,20260916,20261209
630,0,0,0,0,0,0,0,20260831,20260907
631,0,0,0,0,0,0,0,20260914,20261207
632,0,0,0,0,0,0,0,20260902,20260909
633,0,0,0,0,0,0,0,20260903,20260910
634,0,0,0,0,0,0,0,20260828,20261211
635,0,0,0,0,0,0,0,20260831,20261208
636,0,0,0,0,0,0,0,20260902,20261209
637,0,0,0,0,0,0,0,20260901,20260908
638,0,0,0,0,0,0,0,20260828,20261211
639,0,0,0,0,0,0,0,20260903,20261210
640,0,0,0,0,0,0,0,20260915,20261209
641,0,0,0,0,0,0,0,20260920,20261206
642,0,0,0,0,0,0,0,20261125,20261209
643,0,0,0,0,0,0,0,20260915,20261117
644,0,0,0,0,0,0,0,20260915,20261208
645,0,0,0,0,0,0,0,20260903,20261207
646,0,0,0,0,0,0,0,20260901,20261208
647,0,0,0,0,0,0,0,20261123,20261207
648,0,0,0,0,0,0,0,20260914,20261119
649,0,0,0,0,0,0,0,20260916,20261118
650,0,0,0,0,0,0,0,20260903,20261211
651,0,0,0,0,0,0,0,20260918,20261113
652,0,0,0,0,0,0,0,20260902,20261210
653,0,0,0,0,0,0,0,20260831,20261208
654,0,0,0,0,0,0,0,20260831,20261209
655,0,0,0,0,0,0,0,20260919,20261114
656,0,0,0,0,0,0,0,20260828,20261211
657,0,0,0,0,0,0,0,20260829,20261212
658,0,0,0,0,0,0,0,20261123,20261210
659,0,0,0,0,0,0,0,20261124,20261208
660,0,0,0,0,0,0,0,20260828,20261211
661,0,0,0,0,0,0,0,20260903,20261211
662,0,0,0,0,0,0,0,20260915,20261210
663,0,0,0,0,0,0,0,20260901,20260910
664,0,0,0,0,0,0,0,20260920,20261101
665,0,0,0,0,0,0,0,20260830,20261101
666,0,0,0,0,0,0,0,20260831,20261209
667,0,0,0,0,0,0,0,20260914,20261209
668,0,0,0,0,0,0,0,20260901,20260909
669,0,0,0,0,0,0,0,20260831,20261209
670,0,0,0,0,0,0,0,20260831,20261210
671,0,0,0,0,0,0,0,20261212,20261212
672,0,0,0,0,0,0,0,20261122,20261206
673,0,0,0,0,0,0,0,20260920,20261115
674,0,0,0,0,0,0,0,20260914,20261210
675,0,0,0,0,0,0,0,20260831,20260909
676,0,0,0,0,0,0,0,20260914,20261209
677,0,0,0,0,0,0,0,20260831,20261210
678,0,0,0,0,0,0,0,20260901,20261209
679,0,0,0,0,0,0,0,20260828,20261211
680,0,0,0,0,0,0,0,20260830,20261206
681,0,0,0,0,0,0,0,20261017,20261212
682,0,0,0,0,0,0,0,20260830,20261206
683,0,0,0,0,0,0,0,20260911,20261009
684,0,0,0,0,0,0,0,20260913,20261011
685,0,0,0,0,0,0,0,20260919,20261010
686,0,0,0,0,0,0,0,20260829,20261212
687,0,0,0,0,0,0,0,20260903,20261210
688,0,0,0,0,0,0,0,20261018,20261206
689,0,0,0,0,0,0,0,20260910,20261008
690,0,0,0,0,0,0,0,20260912,20261010
691,0,0,0,0,0,0,0,20260920,20261011
692,0,0,0,0,0,0,0,20261016,20261211
693,0,0,0,0,0,0,0,20260918,20261009
694,0,0,0,0,0,0,0,20260902,20261209
695,0,0,0,0,0,0,0,20260829,20261212
696,0,0,0,0,0,0,0,20260903,20260903
697,0,0,0,0,0,0,0,20260909,20261125
698,0,0,0,0,0,0,0,20260913,20261101
699,0,0,0,0,0,0,0,20260912,20261121
700,0,0,0,0,0,0,0,20260913,20261101
701,0,0,0,0,0,0,0,20260910,20261029
702,0,0,0,0,0,0,0,20260917,20261029
703,0,0,0,0,0,0,0,20260828,20261211
704,0,0,0,0,0,0,0,20260830,20261206
705,0,0,0,0,0,0,0,20260913,20261122
706,0,0,0,0,0,0,0,20260911,20261127
707,0,0,0,0,0,0,0,20260910,20260910
708,0,0,0,0,0,0,0,20260911,20261030
709,0,0,0,0,0,0,0,20260830,20261031
710,0,0,0,0,0,0,0,20260918,20261030
711,0,0,0,0,0,0,0,20260831,20261210
712,0,0,0,0,0,0,0,20260831,20261210
713,0,0,0,0,0,0,0,20260831,20261210
714,0,0,0,0,0,0,0,20260831,20261211
715,0,0,0,0,0,0,0,20260828,20261204
716,0,0,0,0,0,0,0,20260831,20260910
717,0,0,0,0,0,0,0,20260908,20261203
718,0,0,0,0,0,0,0,20260828,20261211
